can_up = [10, 12, 20, 21, 22, 32]
[0, 2, 10, 11, 12, 22]                                                                 
[3, 11, 12, 21, 22]                                                                    
[2, 10, 11, 20, 21]                                                                    

 00 | 01 | 02   03
    ------    ----
 10   11   12 | 13
    -    -    ----
 20   21   22 | 23
 ---------    ----
 30 | 31 | 32 | 33



v1
down = [0, 1, 2, 3, 4, 10, 13, 20, 22, 23, 32, 34, 41, 42]                             
right = [2, 3, 22, 24, 30, 31, 33, 34, 40, 41, 42, 43]

 00 | 01 | 02   03   04 | 05
    -    -    -    -    ----
 10   11   12 | 13 | 14 | 15
    -----------    ---------
 20   21   22   23 | 24 | 25
    ------    -    ---------
 30   31   32 | 33   34   35
 ---------    ------    ----
 40   41   42   43   44 | 45
 ----    -    -    ---------
 50 | 51 | 52   53 | 54 | 55

v2
down = [0, 2, 4, 10, 12, 13, 14, 20, 21, 24, 30, 31, 33, 40, 41, 42, 43, 44]           
right = [1, 3, 11, 22, 23, 32, 34]

 00 | 01   02 | 03   04 | 05
    ------    ------    ----
 10 | 11   12 | 13 | 14 | 15
    ------              ----
 20 | 21 | 22   23   24 | 25
         -----------    ----
 30 | 31 | 32 | 33 | 34   35
         ------    ---------
 40   41   42   43   44 | 45
                        ----
 50 | 51 | 52   53 | 54 | 55

v3
down = [0, 3, 4, 11, 12, 13, 14, 20, 22, 23, 31, 33, 40, 42, 43, 44]                   
right = [0, 1, 2, 4, 10, 20, 21, 22, 24, 30, 32, 34, 41]     

 00   01   02   03 | 04   05
    -----------    -    ----
 10   11 | 12 | 13 | 14 | 15
 ----    -    -    -    ----
 20   21   22   23 | 24   25
    ------    -    ---------
 30   31 | 32   33 | 34   35
 ----    ------    ---------
 40 | 41   42 | 43 | 44 | 45
    ------    -    -    ----
 50   51   52   53   54   55